>Modified table from blosum62.tab with the operation +4
   A   R   N   D   C   Q   E   G   H   I   L   K   M   F   P   S   T   W   Y   V   B   Z   X
   8   3   2   2   4   3   3   4   2   3   3   3   3   2   3   5   4   1   2   4   2   3   4
       9   4   2   1   5   4   2   4   1   2   6   3   1   2   3   3   1   2   1   3   4   3
          10   5   1   4   4   4   5   1   1   4   2   1   2   5   4   0   2   1   7   4   3
              10   1   4   6   3   3   1   0   3   1   1   3   4   3   0   1   1   8   5   3
                  13   1   0   1   1   3   3   1   3   2   1   3   3   2   2   3   1   1   2
                       9   6   2   4   1   2   5   4   1   3   4   3   2   3   2   4   7   3
                           9   2   4   1   1   5   2   1   3   4   3   1   2   2   5   8   3
                              10   2   0   0   2   1   1   2   4   2   2   1   1   3   2   3
                                  12   1   1   3   2   3   2   3   2   2   6   1   4   4   3
                                       8   6   1   5   4   1   2   3   1   3   7   1   1   3
                                           8   2   6   4   1   2   3   2   3   5   0   1   3
                                               9   3   1   3   4   3   1   2   2   4   5   3
                                                   9   4   2   3   3   3   3   5   1   3   3
                                                      10   0   2   2   5   7   3   1   1   3
                                                          11   3   3   0   1   2   2   3   2
                                                               8   5   1   2   2   4   4   4
                                                                   9   2   2   4   3   3   4
                                                                      15   6   1   0   1   2
                                                                          11   3   1   2   3
                                                                               8   1   2   3
                                                                                   8   5   3
                                                                                       8   3
																														 3

12 2 = default gap penalty = 12 + 2 * gap_length
 !  I V
 $  L M
 %  F Y
 #  B D E N Q Z