> Identity symbol comparison table
> This table scores 1 for a match and 0 for a mismatch between any two letters
>
  A  B  C  D  E  F  G  H  I  J  K  L  M  N  O  P  Q  R  S  T  U  V  W  X  Y  Z
  1  0  0  0  0  0  0  0  0  0  0  0  0  0  0  0  0  0  0  0  0  0  0  0  0  0
     1  0  0  0  0  0  0  0  0  0  0  0  0  0  0  0  0  0  0  0  0  0  0  0  0
        1  0  0  0  0  0  0  0  0  0  0  0  0  0  0  0  0  0  0  0  0  0  0  0
           1  0  0  0  0  0  0  0  0  0  0  0  0  0  0  0  0  0  0  0  0  0  0
              1  0  0  0  0  0  0  0  0  0  0  0  0  0  0  0  0  0  0  0  0  0
                 1  0  0  0  0  0  0  0  0  0  0  0  0  0  0  0  0  0  0  0  0
                    1  0  0  0  0  0  0  0  0  0  0  0  0  0  0  0  0  0  0  0
                       1  0  0  0  0  0  0  0  0  0  0  0  0  0  0  0  0  0  0
                          1  0  0  0  0  0  0  0  0  0  0  0  0  0  0  0  0  0
                             1  0  0  0  0  0  0  0  0  0  0  0  0  0  0  0  0
                                1  0  0  0  0  0  0  0  0  0  0  0  0  0  0  0
                                   1  0  0  0  0  0  0  0  0  0  0  0  0  0  0
                                      1  0  0  0  0  0  0  0  0  0  0  0  0  0
                                         1  0  0  0  0  0  0  0  0  0  0  0  0
                                            1  0  0  0  0  0  0  0  0  0  0  0
                                               1  0  0  0  0  0  0  0  0  0  0
                                                  1  0  0  0  0  0  0  0  0  0
                                                     1  0  0  0  0  0  0  0  0
                                                        1  0  0  0  0  0  0  0
                                                           1  0  0  0  0  0  0
                                                              1  0  0  0  0  0
                                                                 1  0  0  0  0
                                                                    1  0  0  0
                                                                       1  0  0
                                                                          1  0
                                                                             1
  1 = default value for gap penalty ;