> Risler symbol comparison table
> Risler J.L., Delorme M.O., Delacroix H., Henaut A., 1988, J. Mol. Biol.,
> 204, 1019
  A   B   C   D   E     F   G   H   I   K     L   M   N   P   Q     R   S   T   V   W     X   Y   Z
100  63   8  50  88    60  61  29  87  79    78  71  77  39  90    83  96  93  94  22    50  51  89
     82   4  82  75    45  42  24  55  58    52  39  82  17  71    59  77  58  59  14    50  38  73
        100   2   7     5   2   1   4   6     8   5   6   1  10     7  12   9  10   0    50  17   8
            100  70    37  35  12  44  47    40  33  64  14  59    43  62  45  46  11    50  34  64
                100    60  53  29  82  79    68  59  81  42  98    92  91  86  85  19    50  50  99

                      100  35  17  70  47    69  41  54  17  63    54  58  52  66  23    50  96  61
                          100  14  44  42    41  36  49  15  49    48  63  51  48  13    50  39  51
                              100  25  20    22  16  37   4  32    36  34  23  27   3    50  26  30
                                  100  71    97  68  67  30  80    80  86  84  99  27    50  55  81
                                      100    62  56  69  28  87    97  81  74  75  18    50  57  83

                                            100  91  64  24  73    76  77  74  95  24    50  57  70
                                                100  46  16  75    72  61  65  66  13    50  40  67
                                                    100  21  84    76  93  72  73  18    50  43  82
                                                        100  31    38  38  32  31   4    50  15  36
                                                            100    95  90  88  83  20    50  58  99

                                                                  100  94  92  82  25    50  65  93
                                                                      100  98  89  26    50  55  90
                                                                          100  85  20    50  53  87
                                                                              100  28    50  52  84
                                                                                  100    50  30  19

                                                                                         50  50  50
                                                                                            100  54
                                                                                                 99
 50  =  Default  value  for  the  gap  penalty
 !  I V
 $  L M
 %  F Y
 +  K R Q